spawn:
  world: lobby
  x: 0.0
  y: 70.0
  z: 0.0
  yaw: 0.0
  pitch: 0.0
firstspawn:
  world: world
  x: -66.49669292998614
  y: 71.0
  z: -105.35037024972557
  yaw: -6.1479797
  pitch: 86.99999
