spawn:
  world: world
  x: -66.50613713124214
  y: 71.0
  z: -105.53776494649345
  yaw: -6.1479797
  pitch: 86.99999
firstspawn:
  world: world
  x: -66.49669292998614
  y: 71.0
  z: -105.35037024972557
  yaw: -6.1479797
  pitch: 86.99999
